1
- b 0.40073 0.405993 0.40517 0.403184 0.404329 
- c 0.367255 0.368721 0.370229 0.368796 0.368891
- j 0.916464 0.908194 0.913763 0.914709 0.912355
2
- b 0.210987 0.209064 0.209734 0.208116 0.210778 
- c 0.378934 0.379278 0.37884 0.381095 0.378843
- j 1.79601 1.81417 1.80629 1.83117 1.79736
4
- b 0.109631 0.111441 0.112139 0.132081 0.115282
- c 0.393951 0.395767 0.400515 0.396794 0.395556
- j 3.59343 3.55136 3.5716 3.00417 3.4312
8
- b 0.1391 0.155556 0.139971 0.134321 0.169792
- c 0.627355 0.650102 0.731996 0.677272 0.641491
- j 4.5101 4.17922 5.22963 5.04219 3.7781